block   density  mainplohybrid  subplot weight
       1      10       1       1       1    40.7
       1      10       1       2       2    39.4
       1      10       1       3       3    68.7
       1      15       2       1       4    24.2
       1      15       2       2       5    31.3
       1      15       2       3       6    26.2
       1      25       3       1       7    16.1
       1      25       3       2       8    17.9
       1      25       3       3       9    20.5
       1      40       4       1      10    11.2
       1      40       4       2      11    14.8
       1      40       4       3      12    18.9
       2      10       5       1      13    37.8
       2      10       5       2      14    47.8
       2      10       5       3      15    56.2
       2      15       6       1      16    44.4
       2      15       6       2      17    34.5
       2      15       6       3      18    48.1
       2      25       7       1      19    17.6
       2      25       7       2      20    30.5
       2      25       7       3      21    28.2
       2      40       8       1      22    12.7
       2      40       8       2      23    17.3
       2      40       8       3      24    26.2
       3      10       9       1      25    32.9
       3      10       9       2      26    44.4
       3      10       9       3      27    44.8
       3      15      10       1      28    27.8
       3      15      10       2      29    25.6
       3      15      10       3      30    41.1
       3      25      11       1      31    19.9
       3      25      11       2      32    22.5
       3      25      11       3      33      30
       3      40      12       1      34    14.5
       3      40      12       2      35    17.7
       3      40      12       3      36    19.2
       4      10      13       1      37    43.1
       4      10      13       2      38      49
       4      10      13       3      39    59.3
       4      15      14       1      40    34.1
       4      15      14       2      41    50.4
       4      15      14       3      42      46
       4      25      15       1      43    20.1
       4      25      15       2      44    25.2
       4      25      15       3      45    24.7
       4      40      16       1      46    15.4
       4      40      16       2      47    18.7
       4      40      16       3      48      22
